0 120
0.0025 13.15
0.005 112.45
0.0075 111.3
0.01 110.35
0.0125 109.525
0.015 108.825
0.0175 108.15
0.02 107.575
0.0225 107.025
0.025 106.5
0.0275 106.025
0.03 105.55
0.0325 105.125
0.035 104.725
0.0375 104.325
0.04 103.95
0.0425 103.575
0.045 103.25
0.0475 102.9
0.05 102.575
0.0525 102.275
0.055 101.975
0.0575 101.65
0.06 101.4
0.0625 101.1
0.065 100.85
0.0675 100.575
0.07 100.325
0.0725 100.05
0.075 99.85
0.0775 99.575
0.08 99.375
0.0825 99.1
0.085 98.925
0.0875 98.675
0.09 98.475
0.0925 98.25
0.095 98.075
0.0975 97.825
0.1 97.7
0.1025 97.4
0.105 97.35
0.1075 97
0.11 97
0.1125 96.6
0.115 96.7
0.1175 96.175
0.12 96.425
0.1225 95.8
0.125 96.075
0.1275 95.475
0.13 95.75
0.1325 95.125
0.135 95.45
0.1375 94.8
0.14 95.15
0.1425 94.5
0.145 94.825
0.1475 94.2
0.15 94.55
0.1525 93.9
0.155 94.25
0.1575 93.625
0.16 93.975
0.1625 93.35
0.165 93.7
0.1675 93.05
0.17 93.45
0.1725 92.8
0.175 93.175
0.1775 92.55
0.18 92.925
0.1825 92.275
0.185 92.7
0.1875 92.025
0.19 92.425
0.1925 91.8
0.195 92.2
0.1975 91.525
0.2 91.975
0.2025 91.325
0.205 91.725
0.2075 91.075
0.21 91.525
0.2125 90.85
0.215 91.3
0.2175 90.625
0.22 91.075
0.2225 90.425
0.225 90.85
0.2275 90.2
0.23 90.65
0.2325 90
0.235 90.45
0.2375 89.775
0.24 90.25
0.2425 89.575
0.245 90.05
0.2475 89.375
0.25 89.85
0.2525 89.2
0.255 89.65
0.2575 88.975
0.26 89.475
0.2625 88.8
0.265 89.275
0.2675 88.625
0.27 89.1
0.2725 88.425
0.275 88.925
0.2775 88.25
0.28 88.725
0.2825 88.075
0.285 88.575
0.2875 87.875
0.29 88.4
0.2925 87.725
0.295 88.2
0.2975 87.55
0.3 88.05
0.3025 87.375
0.305 87.875
0.3075 87.225
0.31 87.725
0.3125 87.025
0.315 87.575
0.3175 86.875
0.32 87.4
0.3225 86.725
0.325 87.25
0.3275 86.55
0.33 87.1
0.3325 86.4
0.335 86.925
0.3375 86.275
0.34 86.775
0.3425 86.1
0.345 86.625
0.3475 85.95
0.35 86.475
0.3525 85.825
0.355 86.325
0.3575 85.65
0.36 86.2
0.3625 85.5
0.365 86.05
0.3675 85.375
0.37 85.9
0.3725 85.225
0.375 85.775
0.3775 85.075
0.38 85.625
0.3825 84.95
0.385 85.475
0.3875 84.825
0.39 85.35
0.3925 84.675
0.395 85.225
0.3975 84.55
0.4 85.075
0.4025 84.425
0.405 84.95
0.4075 84.275
0.41 84.825
0.4125 84.15
0.415 84.7
0.4175 84.025
0.42 84.575
0.4225 83.9
0.425 84.425
0.4275 83.775
0.43 84.325
0.4325 83.65
0.435 84.2
0.4375 83.5
0.44 84.075
0.4425 83.425
0.445 83.95
0.4475 83.275
0.45 83.825
0.4525 83.175
0.455 83.7
0.4575 83.05
0.46 83.6
0.4625 82.925
0.465 83.475
0.4675 82.8
0.47 83.375
0.4725 82.7
0.475 83.25
0.4775 82.575
0.48 83.125
0.4825 82.475
0.485 83.025
0.4875 82.35
0.49 82.925
0.4925 82.25
0.495 82.8
0.4975 82.125
0.5 82.7
