0 120
0.0025 114.25
0.005 112.925
0.0075 111.875
0.01 111.025
0.0125 110.25
0.015 109.575
0.0175 108.95
0.02 108.375
0.0225 107.85
0.025 107.35
0.0275 106.875
0.03 106.425
0.0325 106
0.035 105.6
0.0375 105.2
0.04 104.825
0.0425 104.475
0.045 104.125
0.0475 103.8
0.05 103.475
0.0525 103.175
0.055 102.875
0.0575 102.575
0.06 102.3
0.0625 102.025
0.065 101.75
0.0675 101.475
0.07 101.225
0.0725 100.975
0.075 100.725
0.0775 100.5
0.08 100.275
0.0825 100.05
0.085 99.825
0.0875 99.6
0.09 99.375
0.0925 99.175
0.095 98.975
0.0975 98.775
0.1 98.575
0.1025 98.375
0.105 98.175
0.1075 98
0.11 97.8
0.1125 97.625
0.115 97.45
0.1175 97.275
0.12 97.1
0.1225 96.925
0.125 96.75
0.1275 96.6
0.13 96.425
0.1325 96.275
0.135 96.1
0.1375 95.95
0.14 95.8
0.1425 95.65
0.145 95.5
0.1475 95.35
0.15 95.2
0.1525 95.05
0.155 94.9
0.1575 94.775
0.16 94.625
0.1625 94.5
0.165 94.35
0.1675 94.225
0.17 94.1
0.1725 93.95
0.175 93.825
0.1775 93.7
0.18 93.575
0.1825 93.45
0.185 93.325
0.1875 93.2
0.19 93.075
0.1925 92.95
0.195 92.825
0.1975 92.7
0.2 92.6
0.2025 92.475
0.205 92.35
0.2075 92.25
0.21 92.125
0.2125 92.025
0.215 91.9
0.2175 91.8
0.22 91.7
0.2225 91.575
0.225 91.475
0.2275 91.375
0.23 91.275
0.2325 91.15
0.235 91.05
0.2375 90.95
0.24 90.85
0.2425 90.75
0.245 90.65
0.2475 90.55
0.25 90.45
0.2525 90.35
0.255 90.25
0.2575 90.175
0.26 90.075
0.2625 89.975
0.265 89.875
0.2675 89.775
0.27 89.7
0.2725 89.6
0.275 89.5
0.2775 89.425
0.28 89.325
0.2825 89.25
0.285 89.15
0.2875 89.075
0.29 88.975
0.2925 88.9
0.295 88.8
0.2975 88.725
0.3 88.625
0.3025 88.55
0.305 88.475
0.3075 88.375
0.31 88.3
0.3125 88.225
0.315 88.125
0.3175 88.05
0.32 87.975
0.3225 87.9
0.325 87.825
0.3275 87.725
0.33 87.65
0.3325 87.575
0.335 87.5
0.3375 87.425
0.34 87.35
0.3425 87.275
0.345 87.2
0.3475 87.125
0.35 87.05
0.3525 86.975
0.355 86.9
0.3575 86.825
0.36 86.75
0.3625 86.675
0.365 86.6
0.3675 86.55
0.37 86.475
0.3725 86.4
0.375 86.325
0.3775 86.25
0.38 86.175
0.3825 86.125
0.385 86.05
0.3875 85.975
0.39 85.9
0.3925 85.85
0.395 85.775
0.3975 85.7
0.4 85.65
0.4025 85.575
0.405 85.5
0.4075 85.45
0.41 85.375
0.4125 85.325
0.415 85.25
0.4175 85.175
0.42 85.125
0.4225 85.05
0.425 85
0.4275 84.925
0.43 84.875
0.4325 84.8
0.435 84.75
0.4375 84.675
0.44 84.625
0.4425 84.55
0.445 84.5
0.4475 84.45
0.45 84.375
0.4525 84.325
0.455 84.25
0.4575 84.2
0.46 84.15
0.4625 84.075
0.465 84.025
0.4675 83.975
0.47 83.9
0.4725 83.85
0.475 83.8
0.4775 83.725
0.48 83.675
0.4825 83.625
0.485 83.575
0.4875 83.5
0.49 83.45
0.4925 83.4
0.495 83.35
0.4975 83.275
0.5 83.225
