0 120
0.0025 113.425
0.005 112.075
0.0075 111.025
0.01 110.125
0.0125 109.35
0.015 108.675
0.0175 108.05
0.02 107.475
0.0225 106.925
0.025 106.425
0.0275 105.95
0.03 105.5
0.0325 105.075
0.035 104.65
0.0375 104.275
0.04 103.9
0.0425 103.55
0.045 103.2
0.0475 102.85
0.05 102.55
0.0525 102.225
0.055 101.925
0.0575 101.625
0.06 101.35
0.0625 101.075
0.065 100.8
0.0675 100.55
0.07 100.3
0.0725 100.05
0.075 99.8
0.0775 99.55
0.08 99.325
0.0825 99.1
0.085 98.875
0.0875 98.675
0.09 98.45
0.0925 98.25
0.095 98.025
0.0975 97.825
0.1 97.625
0.1025 97.45
0.105 97.25
0.1075 97.075
0.11 96.875
0.1125 96.7
0.115 96.525
0.1175 96.35
0.12 96.175
0.1225 96
0.125 95.825
0.1275 95.675
0.13 95.5
0.1325 95.35
0.135 95.175
0.1375 95.025
0.14 94.875
0.1425 94.725
0.145 94.575
0.1475 94.425
0.15 94.275
0.1525 94.125
0.155 94
0.1575 93.85
0.16 93.725
0.1625 93.575
0.165 93.45
0.1675 93.3
0.17 93.175
0.1725 93.05
0.175 92.925
0.1775 92.775
0.18 92.65
0.1825 92.525
0.185 92.4
0.1875 92.275
0.19 92.175
0.1925 92.05
0.195 91.925
0.1975 91.8
0.2 91.7
0.2025 91.575
0.205 91.45
0.2075 91.35
0.21 91.225
0.2125 91.125
0.215 91
0.2175 90.9
0.22 90.8
0.2225 90.675
0.225 90.575
0.2275 90.475
0.23 90.375
0.2325 90.275
0.235 90.15
0.2375 90.05
0.24 89.95
0.2425 89.85
0.245 89.75
0.2475 89.65
0.25 89.575
0.2525 89.475
0.255 89.375
0.2575 89.275
0.26 89.175
0.2625 89.075
0.265 89
0.2675 88.9
0.27 88.8
0.2725 88.725
0.275 88.625
0.2775 88.525
0.28 88.45
0.2825 88.35
0.285 88.275
0.2875 88.175
0.29 88.1
0.2925 88
0.295 87.925
0.2975 87.85
0.3 87.75
0.3025 87.675
0.305 87.6
0.3075 87.5
0.31 87.425
0.3125 87.35
0.315 87.25
0.3175 87.175
0.32 87.1
0.3225 87.025
0.325 86.95
0.3275 86.875
0.33 86.8
0.3325 86.7
0.335 86.625
0.3375 86.55
0.34 86.475
0.3425 86.4
0.345 86.325
0.3475 86.25
0.35 86.175
0.3525 86.1
0.355 86.025
0.3575 85.975
0.36 85.9
0.3625 85.825
0.365 85.75
0.3675 85.675
0.37 85.6
0.3725 85.525
0.375 85.475
0.3775 85.4
0.38 85.325
0.3825 85.25
0.385 85.2
0.3875 85.125
0.39 85.05
0.3925 84.975
0.395 84.925
0.3975 84.85
0.4 84.775
0.4025 84.725
0.405 84.65
0.4075 84.6
0.41 84.525
0.4125 84.45
0.415 84.4
0.4175 84.325
0.42 84.275
0.4225 84.2
0.425 84.15
0.4275 84.075
0.43 84.025
0.4325 83.95
0.435 83.9
0.4375 83.825
0.44 83.775
0.4425 83.725
0.445 83.65
0.4475 83.6
0.45 83.525
0.4525 83.475
0.455 83.425
0.4575 83.35
0.46 83.3
0.4625 83.25
0.465 83.175
0.4675 83.125
0.47 83.075
0.4725 83
0.475 82.95
0.4775 82.9
0.48 82.85
0.4825 82.775
0.485 82.725
0.4875 82.675
0.49 82.625
0.4925 82.55
0.495 82.5
0.4975 82.45
0.5 82.4
